configs: configs/datasets/selfcap/selfcap.yaml # inherit from this config
dataloader_cfg:
    dataset_cfg: &dataset_cfg
        data_root: data/selfcap/0330_01
        # ratio: 1.0
        near: 4.0
        far: 100.0 # camera near far range, affects ray sampling and some cost volume based algorithms
        bounds: [[-14, -10, 9], [13, 16, 33]] # axis-aligned bounding box of the scene, affects ray sampling and bounding box of some explicit algorithms

val_dataloader_cfg:
    dataset_cfg:
        <<: *dataset_cfg

viewer_cfg:
    # window_size: [2160, 3840]
    window_size: [1920, 1080] # H, W
    camera_cfg:
        K:
            [
                1.51813536e+03,
                0.00000000e+00,
                5.45339167e+02,
                0.00000000e+00,
                1.51849198e+03,
                9.75524763e+02,
                0.00000000e+00,
                0.00000000e+00,
                1.00000000,
            ]
        R:
            [
                -0.9202095856,
                -0.0363412112,
                -0.3897353397,
                -0.1556091941,
                0.9475839455,
                0.2790527637,
                0.3591658354,
                0.3174334302,
                -0.8776308564,
            ]
        T: [3.5356544765, 1.1475705902, 1.0215417787]
        world_up: [0, -1, 0]

        # # prettier-ignore
        # K: [[2466.0,0.0,683.0],[0.0,2466.0,384.0],[0.0,0.0,1.0]]
        # # prettier-ignore
        # R: [[0.9993480443954468,-0.036100730299949646,0.0],[0.03573083132505417,0.9891083836555481,-0.14281366765499115],[0.0051556783728301525,0.14272058010101318,0.9897536635398865]]
        # # prettier-ignore
        # T: [[-0.5007858276367188],[1.252826452255249],[20.677616119384766]]
        # world_up: [-0.14590410888195038,-0.9888504147529602,0.03004370629787445]
        movement_speed: 10.0
        movement_force: 10.0
        # H: 768
        # W: 1366
# {"H":768,"W":1366,"K":[[2466.0,0.0,683.0],[0.0,2466.0,384.0],[0.0,0.0,1.0]],"R":[[0.9993480443954468,-0.036100730299949646,0.0],[0.03573083132505417,0.9891083836555481,-0.14281366765499115],[0.0051556783728301525,0.14272058010101318,0.9897536635398865]],"T":[[-0.5007858276367188],[1.252826452255249],[20.677616119384766]],"n":4.0,"f":100.0,"t":0.0,"v":0.0,"bounds":[[-14.0,-10.0,9.0],[13.0,16.0,33.0]],"mass":0.10000000149011612,"moment_of_inertia":0.10000000149011612,"movement_force":10.0,"movement_torque":1.0,"movement_speed":10.0,"origin":[0.0,0.0,0.0],"world_up":[0.0,0.0,1.0]}

